1502886135983.0             106.0               1.0
1502886145583.0             106.0               1.0
1502886146464.0             106.0               1.0
1502886147250.0             106.0               1.0
1502886147789.0             106.0               1.0
1502886148322.0             106.0               1.0
1502886148857.0             106.0               1.0
1502886231995.0             106.0              50.0
1502886231999.0             106.0              50.0
1502886232196.0             106.0              50.0
1502886232396.0             106.0              50.0
1502886232595.0             106.0              50.0
1502886232795.0             106.0              50.0
1502886232996.0              14.0              50.0
1502886233197.0              14.0              50.0
1502886233398.0              56.0              50.0
1502886233597.0              56.0              50.0
1502886233795.0              56.0              50.0
1502886233996.0              87.0              50.0
1502886234196.0              87.0              50.0
1502886234395.0             112.0              50.0
1502886234596.0             112.0              50.0
1502886234798.0             112.0              50.0
1502886234997.0             130.0              50.0
1502886235197.0             130.0              50.0
1502886235397.0             146.0              50.0
1502886235595.0             146.0              50.0
1502886235797.0             146.0              50.0
1502886235995.0             157.0              50.0
1502886236197.0             157.0              50.0
1502886236399.0             166.0              50.0
1502886236599.0             166.0              50.0
1502886236798.0             166.0              50.0
1502886236996.0             174.0              50.0
1502886237199.0             174.0              50.0
1502886237396.0             180.0              50.0
1502886237594.0             180.0              50.0
1502886237794.0             180.0              50.0
1502886237995.0             184.0              50.0
1502886238196.0             184.0              50.0
1502886238397.0             186.0              50.0
1502886238599.0             186.0              50.0
1502886238798.0             186.0              50.0
1502886238999.0             189.0              50.0
1502886239197.0             189.0              50.0
1502886239398.0             192.0              50.0
1502886239598.0             192.0              50.0
1502886239796.0             192.0              50.0
1502886239996.0             192.0              50.0
1502886240196.0             192.0              50.0
1502886240397.0             192.0              50.0
1502886240598.0             192.0              50.0
1502886240795.0             192.0              50.0
1502886240997.0             193.0              50.0
1502886241197.0             193.0              50.0
1502886241396.0             195.0              50.0
1502886241597.0             195.0              50.0
1502886241796.0             195.0              50.0
1502886241996.0             195.0              50.0
1502886242194.0             195.0              50.0
1502886242394.0             195.0              50.0
1502886242596.0             195.0              50.0
1502886242795.0             195.0              50.0
1502886242998.0             196.0              50.0
1502886243197.0             196.0              50.0
1502886243396.0             196.0              50.0
1502886243596.0             196.0              50.0
1502886243796.0             196.0              50.0
1502886243996.0             196.0              50.0
1502886244199.0             196.0              50.0
1502886244395.0             197.0              50.0
1502886244595.0             197.0              50.0
1502886244795.0             197.0              50.0
1502886244997.0             198.0              50.0
1502886245197.0             198.0              50.0
1502886245399.0             198.0              50.0
1502886245595.0             198.0              50.0
1502886245798.0             198.0              50.0
1502886245998.0             199.0              50.0
1502886246196.0             199.0              50.0
1502886246399.0             199.0              50.0
1502886246597.0             199.0              50.0
1502886246796.0             199.0              50.0
1502886246995.0             198.0              50.0
1502886247194.0             198.0              50.0
1502886247395.0             197.0              50.0
1502886247594.0             197.0              50.0
1502886247794.0             197.0              50.0
1502886247994.0             197.0              50.0
1502886248194.0             197.0              50.0
1502886248394.0             197.0              50.0
1502886248594.0             197.0              50.0
1502886248794.0             197.0              50.0
1502886248994.0             197.0              50.0
1502886249194.0             197.0              50.0
1502886249394.0             197.0              50.0
1502886249594.0             197.0              50.0
1502886249794.0             197.0              50.0
1502886249994.0             197.0              50.0
1502886250195.0             197.0              50.0
1502886250398.0             197.0              50.0
1502886250596.0             197.0              50.0
1502886250796.0             197.0              50.0
1502886250998.0             196.0              50.0
1502886251195.0             196.0              50.0
1502886251395.0             196.0              50.0
1502886251595.0             196.0              50.0
1502886251796.0             196.0              50.0
1502886251998.0             196.0              50.0
1502886252196.0             196.0              50.0
1502886252395.0             196.0              50.0
1502886252595.0             196.0              50.0
1502886252797.0             196.0              50.0
1502886252997.0             196.0              50.0
1502886253195.0             196.0              50.0
1502886253395.0             197.0              50.0
1502886253597.0             197.0              50.0
1502886253799.0             197.0              50.0
1502886253999.0             198.0              50.0
1502886254197.0             198.0              50.0
1502886254395.0             198.0              50.0
1502886254597.0             198.0              50.0
1502886254798.0             198.0              50.0
1502886254996.0             198.0              50.0
1502886255197.0             198.0              50.0
1502886255398.0             199.0              50.0
1502886255595.0             199.0              50.0
1502886255795.0             199.0              50.0
1502886255998.0             198.0              50.0
1502886256196.0             198.0              50.0
1502886256395.0             198.0              50.0
1502886256596.0             198.0              50.0
1502886256795.0             198.0              50.0
1502886256998.0             198.0              50.0
1502886257196.0             198.0              50.0
1502886257396.0             199.0              50.0
1502886257595.0             199.0              50.0
1502886257798.0             199.0              50.0
1502886257998.0             198.0              50.0
1502886258197.0             198.0              50.0
1502886258395.0             198.0              50.0
1502886258595.0             198.0              50.0
1502886258796.0             198.0              50.0
1502886258995.0             198.0              50.0
1502886259195.0             198.0              50.0
1502886259395.0             197.0              50.0
1502886259595.0             197.0              50.0
1502886259794.0             197.0              50.0
1502886259996.0             197.0              50.0
1502886260197.0             197.0              50.0
1502886260396.0             196.0              50.0
1502886260598.0             196.0              50.0
1502886260799.0             196.0              50.0
1502886260995.0             197.0              50.0
1502886261196.0             197.0              50.0
1502886261399.0             198.0              50.0
1502886261596.0             198.0              50.0
1502886261798.0             198.0              50.0
1502886261996.0             197.0              50.0
1502886262195.0             197.0              50.0
1502886262396.0             198.0              50.0
1502886262598.0             198.0              50.0
1502886262797.0             198.0              50.0
1502886262995.0             198.0              50.0
1502886263196.0             198.0              50.0
1502886263398.0             198.0              50.0
1502886263598.0             198.0              50.0
1502886263795.0             198.0              50.0
1502886263996.0             198.0              50.0
1502886264197.0             198.0              50.0
1502886264395.0             199.0              50.0
1502886264598.0             199.0              50.0
1502886264798.0             199.0              50.0
1502886264996.0             198.0              50.0
1502886265195.0             198.0              50.0
1502886265398.0             199.0              50.0
1502886265599.0             199.0              50.0
1502886265796.0             199.0              50.0
1502886265996.0             199.0              50.0
1502886266198.0             199.0              50.0
1502886266396.0             199.0              50.0
1502886266595.0             199.0              50.0
1502886266795.0             199.0              50.0
1502886266996.0             199.0              50.0
1502886267198.0             199.0              50.0
1502886267397.0             198.0              50.0
1502886267597.0             198.0              50.0
1502886267797.0             198.0              50.0
1502886267997.0             198.0              50.0
1502886268196.0             198.0              50.0
1502886268395.0             198.0              50.0
1502886268598.0             198.0              50.0
1502886268797.0             198.0              50.0
1502886268997.0             199.0              50.0
1502886269195.0             199.0              50.0
1502886269395.0             198.0              50.0
1502886269596.0             198.0              50.0
1502886269794.0             198.0              50.0
1502886269995.0             198.0              50.0
1502886270196.0             198.0              50.0
1502886270395.0             197.0              50.0
1502886270595.0             197.0              50.0
1502886270797.0             197.0              50.0
1502886270996.0             197.0              50.0
1502886271198.0             197.0              50.0
1502886271396.0             197.0              50.0
1502886271596.0             197.0              50.0
1502886271797.0             197.0              50.0
1502886271997.0             198.0              50.0
1502886272195.0             198.0              50.0
1502886272394.0             198.0              50.0
1502886272594.0             198.0              50.0
1502886272795.0             198.0              50.0
1502886272994.0             198.0              50.0
1502886273195.0             198.0              50.0
1502886273394.0             199.0              50.0
1502886273596.0             199.0              50.0
1502886273796.0             199.0              50.0
1502886273997.0             198.0              50.0
1502886274195.0             198.0              50.0
1502886274395.0             199.0              50.0
1502886274599.0             199.0              50.0
1502886274798.0             199.0              50.0
1502886274998.0             200.0              50.0
1502886275198.0             200.0              50.0
1502886275395.0             199.0              50.0
1502886275597.0             199.0              50.0
1502886275795.0             199.0              50.0
1502886275996.0             199.0              50.0
1502886276196.0             199.0              50.0
1502886276395.0             200.0              50.0
1502886276596.0             200.0              50.0
1502886276796.0             200.0              50.0
1502886276999.0             200.0              50.0
1502886277196.0             200.0              50.0
1502886277398.0             200.0              50.0
1502886277596.0             200.0              50.0
1502886277795.0             200.0              50.0
1502886277997.0             199.0              50.0
1502886278196.0             199.0              50.0
1502886278398.0             199.0              50.0
1502886278596.0             199.0              50.0
1502886278794.0             199.0              50.0
1502886278994.0             199.0              50.0
1502886279198.0             199.0              50.0
1502886279394.0             199.0              50.0
1502886279595.0             199.0              50.0
1502886279794.0             199.0              50.0
1502886279994.0             198.0              50.0
1502886280196.0             198.0              50.0
1502886280395.0             198.0              50.0
1502886280597.0             198.0              50.0
1502886280796.0             198.0              50.0
1502886280996.0             198.0              50.0
1502886281196.0             198.0              50.0
1502886281398.0             198.0              50.0
1502886281598.0             198.0              50.0
1502886281798.0             198.0              50.0
1502886281997.0             198.0              50.0
1502886282198.0             198.0              50.0
1502886282396.0             197.0              50.0
1502886282598.0             197.0              50.0
1502886282797.0             197.0              50.0
1502886282997.0             197.0              50.0
1502886283198.0             197.0              50.0
1502886283397.0             197.0              50.0
1502886283596.0             197.0              50.0
1502886283797.0             197.0              50.0
1502886283999.0             197.0              50.0
1502886284195.0             197.0              50.0
1502886284397.0             197.0              50.0
1502886284595.0             197.0              50.0
1502886298217.0             198.0              50.0
1502886298221.0             198.0              50.0
1502886298418.0             197.0              50.0
1502886298620.0             197.0              50.0
1502886298821.0             197.0              50.0
1502886299019.0             197.0              50.0
1502886299221.0             197.0              50.0
1502886299421.0             198.0              50.0
1502886299621.0             198.0              50.0
1502886299819.0             198.0              50.0
1502886300020.0             198.0              50.0
1502886300219.0             198.0              50.0
1502886300419.0             198.0              50.0
1502886300619.0             198.0              50.0
1502886300820.0             198.0              50.0
1502886301021.0             199.0              50.0
1502886301221.0             199.0              50.0
1502886301419.0             199.0              50.0
1502886301620.0             199.0              50.0
1502886301819.0             199.0              50.0
1502886302021.0             199.0              50.0
1502886302221.0             199.0              50.0
1502886302420.0             198.0              50.0
1502886302619.0             198.0              50.0
1502886302818.0             198.0              50.0
1502886303018.0             199.0              50.0
1502886303221.0             199.0              50.0
1502886303418.0             199.0              50.0
1502886303620.0             199.0              50.0
1502886303820.0             199.0              50.0
1502886304021.0             199.0              50.0
1502886304220.0             199.0              50.0
1502886304421.0             199.0              50.0
1502886304619.0             199.0              50.0
1502886304819.0             199.0              50.0
1502886305021.0             199.0              50.0
1502886305220.0             199.0              50.0
1502886305419.0               1.0              50.0
1502886305620.0              99.0              50.0
1502886305820.0              99.0              50.0
1502886306021.0             198.0              50.0
1502886306220.0             198.0              50.0
1502886306419.0             198.0              50.0
1502886306620.0             199.0              50.0
1502886306818.0             199.0              50.0
1502886307019.0             198.0              50.0
1502886307221.0             198.0              50.0
1502886307420.0               1.0              50.0
1502886307620.0              98.0              50.0
1502886307820.0              98.0              50.0
1502886308020.0             197.0              50.0
1502886308221.0             197.0              50.0
1502886308420.0             197.0              50.0
1502886308621.0             198.0              50.0
1502886308821.0             198.0              50.0
1502886309020.0             198.0              50.0
1502886309219.0             198.0              50.0
1502886309417.0             198.0              50.0
1502886309619.0             198.0              50.0
1502886309821.0             198.0              50.0
1502886310020.0             198.0              50.0
1502886310219.0             198.0              50.0
1502886310421.0             198.0              50.0
1502886310618.0             198.0              50.0
1502886310821.0             198.0              50.0
1502886311017.0             197.0              50.0
1502886311219.0             197.0              50.0
1502886311419.0             197.0              50.0
1502886311620.0             198.0              50.0
1502886311821.0             198.0              50.0
1502886312019.0             198.0              50.0
1502886312221.0             198.0              50.0
1502886312420.0             198.0              50.0
1502886312620.0             198.0              50.0
1502886312820.0             198.0              50.0
1502886313019.0             198.0              50.0
1502886313219.0             198.0              50.0
1502886313419.0             198.0              50.0
1502886313619.0             199.0              50.0
1502886313819.0             199.0              50.0
1502886314020.0             198.0              50.0
1502886314216.0             198.0              50.0
1502886314416.0             198.0              50.0
1502886314616.0             199.0              50.0
1502886314816.0             199.0              50.0
1502886315016.0             199.0              50.0
1502886315216.0             199.0              50.0
1502886315416.0             199.0              50.0
1502886315616.0             199.0              50.0
1502886315816.0             199.0              50.0
1502886316016.0             199.0              50.0
1502886316216.0             199.0              50.0
1502886316416.0             199.0              50.0
1502886316617.0             199.0              50.0
1502886316816.0             199.0              50.0
1502886317016.0             199.0              50.0
1502886317216.0             199.0              50.0
1502886317416.0             199.0              50.0
1502886317616.0             199.0              50.0
1502886317816.0             199.0              50.0
1502886318016.0             200.0              50.0
1502886318217.0             200.0              50.0
1502886318420.0             200.0              50.0
1502886318620.0             200.0              50.0
1502886318819.0             200.0              50.0
1502886319018.0             200.0              50.0
1502886319220.0             200.0              50.0
1502886319420.0             200.0              50.0
1502886319619.0             199.0              50.0
1502886319820.0             199.0              50.0
1502886320020.0             199.0              50.0
1502886320219.0             199.0              50.0
1502886320421.0             199.0              50.0
1502886320619.0             199.0              50.0
1502886320818.0             199.0              50.0
1502886321020.0             199.0              50.0
1502886321216.0             199.0              50.0
1502886321419.0             199.0              50.0
1502886321620.0             198.0              50.0
1502886321820.0             198.0              50.0
1502886322021.0             199.0              50.0
1502886322220.0             199.0              50.0
1502886322419.0             199.0              50.0
1502886322621.0             198.0              50.0
1502886322819.0             198.0              50.0
1502886323020.0             198.0              50.0
1502886323220.0             198.0              50.0
1502886323420.0             198.0              50.0
1502886323621.0             198.0              50.0
1502886323819.0             198.0              50.0
1502886324021.0             198.0              50.0
1502886324220.0             198.0              50.0
1502886324421.0             198.0              50.0
1502886324620.0             198.0              50.0
1502886324819.0             198.0              50.0
1502886325019.0             198.0              50.0
1502886325217.0             198.0              50.0
1502886325421.0             198.0              50.0
1502886325620.0             198.0              50.0
1502886325819.0             198.0              50.0
1502886326020.0             198.0              50.0
1502886326221.0             198.0              50.0
1502886326419.0             198.0              50.0
1502886326618.0             198.0              50.0
1502886326820.0             198.0              50.0
1502886327020.0             198.0              50.0
1502886327222.0             198.0              50.0
1502886327418.0             198.0              50.0
1502886327619.0             198.0              50.0
1502886327820.0             198.0              50.0
1502886328022.0             198.0              50.0
1502886328220.0             198.0              50.0
1502886328420.0             198.0              50.0
1502886328621.0             199.0              50.0
1502886328819.0             199.0              50.0
1502886329019.0             199.0              50.0
1502886329221.0             199.0              50.0
1502886329420.0             199.0              50.0
1502886329620.0             199.0              50.0
1502886329819.0             199.0              50.0
1502886330021.0             200.0              50.0
1502886330219.0             200.0              50.0
1502886330419.0             200.0              50.0
1502886330619.0             200.0              50.0
1502886330818.0             200.0              50.0
1502886331019.0             200.0              50.0
1502886331219.0             200.0              50.0
1502886331418.0             200.0              50.0
1502886331618.0             200.0              50.0
1502886331818.0             200.0              50.0
1502886332020.0             200.0              50.0
1502886332220.0             200.0              50.0
1502886332419.0             200.0              50.0
1502886332620.0             200.0              50.0
1502886332819.0             200.0              50.0
1502886333020.0             199.0              50.0
1502886333220.0             199.0              50.0
1502886333420.0             199.0              50.0
1502886333619.0             199.0              50.0
1502886333818.0             199.0              50.0
1502886334021.0             199.0              50.0
1502886334221.0             199.0              50.0
1502886334419.0             199.0              50.0
1502886334620.0             199.0              50.0
1502886334819.0             199.0              50.0
1502886335019.0             199.0              50.0
1502886335219.0             199.0              50.0
1502886335418.0             199.0              50.0
1502886335622.0             199.0              50.0
1502886335820.0             199.0              50.0
1502886336019.0             199.0              50.0
1502886336219.0             199.0              50.0
1502886336419.0             199.0              50.0
1502886336619.0             199.0              50.0
1502886336821.0             199.0              50.0
1502886337020.0             199.0              50.0
1502886337219.0             199.0              50.0
1502886337416.0             199.0              50.0
1502886337618.0             197.0              50.0
1502886337818.0             197.0              50.0
1502886338020.0             198.0              50.0
1502886338219.0             198.0              50.0
1502886338419.0             198.0              50.0
1502886338619.0             198.0              50.0
1502886338818.0             198.0              50.0
1502886339021.0             199.0              50.0
1502886339219.0             199.0              50.0
1502886339419.0             199.0              50.0
1502886339621.0             198.0              50.0
1502886339819.0             198.0              50.0
1502886340018.0             199.0              50.0
1502886340219.0             199.0              50.0
1502886340418.0             199.0              50.0
1502886340618.0             198.0              50.0
1502886340817.0             198.0              50.0
1502886341020.0             199.0              50.0
1502886341218.0             199.0              50.0
1502886341421.0             199.0              50.0
1502886341620.0             199.0              50.0
1502886341819.0             199.0              50.0
1502886342018.0             200.0              50.0
1502886342219.0             200.0              50.0
1502886342418.0             200.0              50.0
1502886342620.0             200.0              50.0
1502886342819.0             200.0              50.0
1502886343020.0             199.0              50.0
1502886343217.0             199.0              50.0
1502886343418.0             199.0              50.0
1502886343620.0             200.0              50.0
1502886343819.0             200.0              50.0
1502886344020.0             200.0              50.0
1502886344218.0             200.0              50.0
1502886344418.0             200.0              50.0
1502886344620.0             200.0              50.0
1502886344818.0             200.0              50.0
1502886345019.0             200.0              50.0
1502886345220.0             200.0              50.0
1502886345419.0             200.0              50.0
1502886345619.0             199.0              50.0
1502886345818.0             199.0              50.0
1502886346018.0             199.0              50.0
1502886346217.0             199.0              50.0
1502886346418.0             199.0              50.0
1502886346620.0             199.0              50.0
1502886346817.0             199.0              50.0
1502886347017.0             199.0              50.0
1502886347219.0             199.0              50.0
1502886347419.0             199.0              50.0
1502886347617.0             199.0              50.0
1502886347819.0             199.0              50.0
1502886348019.0             198.0             100.0
1502886348219.0             198.0             100.0
1502886348420.0             198.0             100.0
1502886348619.0             198.0             100.0
1502886348817.0             198.0             100.0
1502886349019.0             210.0             100.0
1502886349218.0             210.0             100.0
1502886349418.0             210.0             100.0
1502886349620.0             242.0             100.0
1502886349819.0             242.0             100.0
1502886350019.0             267.0             100.0
1502886350219.0             267.0             100.0
1502886350419.0             267.0             100.0
1502886350620.0             287.0             100.0
1502886350820.0             287.0             100.0
1502886351020.0             302.0             100.0
1502886351220.0             302.0             100.0
1502886351419.0             302.0             100.0
1502886351620.0             314.0             100.0
1502886351818.0             314.0             100.0
1502886352026.0             323.0             100.0
1502886352216.0             323.0             100.0
1502886352419.0             323.0             100.0
1502886352620.0             330.0             100.0
1502886352818.0             330.0             100.0
1502886353022.0             336.0             100.0
1502886353219.0             336.0             100.0
1502886353416.0             336.0             100.0
1502886353618.0             341.0             100.0
1502886353818.0             341.0             100.0
1502886354019.0             344.0             100.0
1502886354218.0             344.0             100.0
1502886354419.0             344.0             100.0
1502886354620.0             347.0             100.0
1502886354819.0             347.0             100.0
1502886355018.0             349.0             100.0
1502886355218.0             349.0             100.0
1502886355419.0             349.0             100.0
1502886355619.0             350.0             100.0
1502886355823.0             350.0             100.0
1502886356017.0             352.0             100.0
1502886356217.0             352.0             100.0
1502886356419.0             352.0             100.0
1502886356620.0             352.0             100.0
1502886356818.0             352.0             100.0
1502886357024.0             353.0             100.0
1502886357218.0             353.0             100.0
1502886357418.0             353.0             100.0
1502886357618.0             353.0             100.0
1502886357824.0             353.0             100.0
1502886358019.0             354.0             100.0
1502886358219.0             354.0             100.0
1502886358429.0             354.0             100.0
1502886358618.0             354.0             100.0
1502886358824.0             354.0             100.0
1502886359019.0             353.0             100.0
1502886359224.0             353.0             100.0
1502886359417.0             353.0             100.0
1502886359618.0             353.0             100.0
1502886359829.0             353.0             100.0
1502886360025.0             354.0             100.0
1502886360218.0             354.0             100.0
1502886360429.0             354.0             100.0
1502886360627.0             353.0             100.0
1502886360820.0             353.0             100.0
1502886361023.0             354.0             100.0
1502886361220.0             354.0             100.0
1502886361418.0             354.0             100.0
1502886361618.0             353.0             100.0
1502886361823.0             353.0             100.0
1502886362031.0             354.0             100.0
1502886362227.0             354.0             100.0
1502886362423.0             354.0             100.0
1502886362625.0             354.0             100.0
1502886362818.0             354.0             100.0
1502886363018.0             355.0             100.0
1502886363221.0             355.0             100.0
1502886363423.0             355.0             100.0
1502886363620.0             355.0             100.0
1502886363817.0             355.0             100.0
1502886364022.0             356.0             100.0
1502886364222.0             356.0             100.0
1502886364420.0             356.0             100.0
1502886364624.0             356.0             100.0
1502886364819.0             356.0             100.0
1502886365021.0             356.0             100.0
1502886365223.0             356.0             100.0
1502886365424.0             356.0             100.0
1502886365621.0             356.0             100.0
1502886365821.0             356.0             100.0
1502886366025.0             356.0             100.0
1502886366220.0             356.0             100.0
1502886366426.0             356.0             100.0
1502886366620.0             356.0             100.0
1502886366819.0             356.0             100.0
1502886367028.0             356.0             100.0
1502886367217.0             356.0             100.0
1502886367423.0             356.0             100.0
1502886367622.0             355.0             100.0
1502886367818.0             355.0             100.0
1502886368040.0             355.0             100.0
1502886368221.0             355.0             100.0
1502886368418.0             355.0             100.0
1502886368639.0             354.0             100.0
1502886368818.0             354.0             100.0
1502886369021.0              35.0             100.0
1502886369217.0               4.0             100.0
1502886369423.0               4.0             100.0
1502886369616.0             354.0             100.0
1502886369826.0             354.0             100.0
1502886370024.0             354.0             100.0
1502886370222.0             354.0             100.0
1502886370426.0             354.0             100.0
1502886370629.0             353.0             100.0
1502886370819.0             353.0             100.0
1502886371029.0               3.0             100.0
1502886371221.0              54.0             100.0
1502886371422.0              54.0             100.0
1502886371624.0             354.0             100.0
1502886371822.0             354.0             100.0
1502886372020.0             354.0             100.0
1502886372219.0             355.0             100.0
1502886372428.0             355.0             100.0
1502886372617.0             354.0             100.0
1502886372825.0             354.0             100.0
1502886373020.0             354.0             100.0
1502886373222.0             355.0             100.0
1502886373419.0             355.0             100.0
1502886373617.0             356.0             100.0
1502886373827.0             356.0             100.0
1502886374024.0             356.0             100.0
1502886374223.0             355.0             100.0
1502886374420.0             355.0             100.0
1502886374620.0             356.0             100.0
1502886374820.0             356.0             100.0
1502886375018.0             356.0             100.0
1502886375224.0             357.0             100.0
1502886375420.0             357.0             100.0
1502886375620.0             356.0             100.0
1502886375818.0             356.0             100.0
1502886376019.0             356.0             100.0
1502886376219.0             357.0             100.0
1502886376420.0             357.0             100.0
1502886376620.0             356.0             100.0
1502886376818.0             356.0             100.0
1502886377020.0             356.0             100.0
1502886377220.0             357.0             100.0
1502886377419.0             357.0             100.0
1502886377619.0             355.0             100.0
1502886377821.0             355.0             100.0
1502886378022.0             355.0             100.0
1502886378219.0             355.0             100.0
1502886378419.0             355.0             100.0
1502886378620.0             354.0             100.0
1502886378820.0             354.0             100.0
1502886379018.0             354.0             100.0
1502886379219.0             354.0             100.0
1502886379418.0             354.0             100.0
1502886379619.0             354.0             100.0
1502886379820.0             354.0             100.0
1502886380020.0             354.0             100.0
1502886380219.0             353.0             100.0
1502886380419.0             353.0             100.0
1502886380623.0             354.0             100.0
1502886380819.0             354.0             100.0
1502886381022.0             354.0             100.0
1502886381219.0             354.0             100.0
1502886381420.0             354.0             100.0
1502886381621.0             354.0             100.0
1502886381821.0             354.0             100.0
1502886382020.0             354.0             100.0
1502886382218.0             355.0             100.0
1502886382420.0             355.0             100.0
1502886382620.0             356.0             100.0
1502886382820.0             356.0             100.0
1502886383021.0             356.0             100.0
1502886383220.0             356.0             100.0
1502886383420.0             356.0             100.0
1502886383624.0             356.0             100.0
1502886383818.0             356.0             100.0
1502886384020.0             356.0             100.0
1502886384221.0             356.0             100.0
1502886384420.0             356.0             100.0
1502886384621.0             355.0             100.0
1502886384820.0             355.0             100.0
1502886385020.0             355.0             100.0
1502886385219.0             355.0             100.0
1502886385418.0             355.0             100.0
1502886385620.0             355.0             100.0
1502886385819.0             355.0             100.0
1502886386018.0             355.0             100.0
1502886386219.0             355.0             100.0
1502886386425.0             355.0             100.0
1502886386620.0             354.0             100.0
1502886386821.0             354.0             100.0
1502886387020.0             354.0             100.0
1502886387218.0             354.0             100.0
1502886387419.0             354.0             100.0
1502886387620.0             354.0             100.0
1502886387820.0             354.0             100.0
1502886388021.0             354.0             100.0
1502886388220.0             354.0             100.0
1502886388420.0             354.0             100.0
1502886388620.0             354.0             100.0
1502886388821.0             354.0             100.0
1502886389020.0             354.0             100.0
1502886389219.0             354.0             100.0
1502886389419.0             354.0             100.0
1502886389627.0             354.0             100.0
1502886389820.0             354.0             100.0
1502886390020.0             354.0             100.0
1502886390219.0             355.0             100.0
1502886390420.0             355.0             100.0
1502886390619.0             355.0             100.0
1502886390820.0             355.0             100.0
1502886391021.0             355.0             100.0
1502886391219.0             356.0             100.0
1502886391419.0             356.0             100.0
1502886391620.0             356.0             100.0
1502886391821.0             356.0             100.0
1502886392021.0             356.0             100.0
1502886392219.0             356.0             100.0
1502886392419.0             356.0             100.0
1502886392620.0             356.0             100.0
1502886392819.0             356.0             100.0
1502886393021.0             356.0             100.0
1502886393218.0             357.0             100.0
1502886393419.0             357.0             100.0
1502886393620.0             356.0             100.0
1502886393820.0             356.0             100.0
1502886394019.0             356.0             100.0
1502886394221.0             356.0             100.0
1502886394419.0             356.0             100.0
1502886394618.0             356.0             100.0
1502886394824.0             356.0             100.0
1502886395020.0             356.0             100.0
1502886395221.0             355.0             100.0
1502886395419.0             355.0             100.0
1502886395620.0             355.0             100.0
1502886395819.0             355.0             100.0
1502886396019.0             355.0             100.0
1502886396220.0             355.0             100.0
1502886396420.0             355.0             100.0
1502886396620.0             355.0             100.0
1502886396821.0             355.0             100.0
1502886397022.0             355.0             100.0
1502886397221.0             355.0             100.0
1502886397420.0             355.0             100.0
1502886397620.0             355.0             100.0
1502886397820.0             355.0             100.0
