1502886607994.0             209.0             100.0
1502886607000.0             209.0             100.0
1502886608189.0             209.0             100.0
1502886608390.0              21.0             100.0
1502886608591.0               1.0             100.0
1502886608791.0               1.0             100.0
1502886608993.0             222.0             100.0
1502886609191.0             222.0             100.0
1502886609391.0             254.0             100.0
1502886609592.0             254.0             100.0
1502886609791.0             254.0             100.0
1502886609991.0             280.0             100.0
1502886610191.0             280.0             100.0
1502886610391.0              29.0             100.0
1502886610591.0               9.0             100.0
1502886610791.0               9.0             100.0
1502886610992.0             313.0             100.0
1502886611191.0             313.0             100.0
1502886611390.0             313.0             100.0
1502886611593.0             325.0             100.0
1502886611791.0             325.0             100.0
1502886611992.0             334.0             100.0
1502886612191.0             334.0             100.0
1502886612390.0             334.0             100.0
1502886612590.0             341.0             100.0
1502886612791.0             341.0             100.0
1502886612991.0             348.0             100.0
1502886613192.0             348.0             100.0
1502886613392.0             348.0             100.0
1502886613593.0             353.0             100.0
1502886613790.0             353.0             100.0
1502886613992.0             356.0             100.0
1502886614192.0             356.0             100.0
1502886614390.0             356.0             100.0
1502886614592.0             359.0             100.0
1502886614789.0             359.0             100.0
1502886614992.0             361.0             100.0
1502886615192.0             361.0             100.0
1502886615392.0             361.0             100.0
1502886615592.0             362.0             100.0
1502886615790.0             362.0             100.0
1502886615991.0             363.0             100.0
1502886616191.0             363.0             100.0
1502886616391.0             363.0             100.0
1502886616593.0             363.0             100.0
1502886616792.0             363.0             100.0
1502886616990.0             364.0             100.0
1502886617192.0             364.0             100.0
1502886617391.0             364.0             100.0
1502886617592.0             364.0             100.0
1502886617794.0             364.0             100.0
1502886617993.0             364.0             100.0
1502886618192.0             364.0             100.0
1502886618391.0             364.0             100.0
1502886618592.0             364.0             100.0
1502886618790.0             364.0             100.0
1502886618993.0             365.0             100.0
1502886619192.0             365.0             100.0
1502886619391.0             365.0             100.0
1502886619593.0             366.0             100.0
1502886619791.0             366.0             100.0
1502886619991.0             366.0             100.0
1502886620193.0             366.0             100.0
1502886620390.0             366.0             100.0
1502886620593.0             367.0             100.0
1502886620793.0             367.0             100.0
1502886620992.0             367.0             100.0
1502886621193.0             367.0             100.0
1502886621392.0             367.0             100.0
1502886621591.0             367.0             100.0
1502886621791.0             367.0             100.0
1502886621993.0             367.0             100.0
1502886622192.0             367.0             100.0
1502886622393.0             367.0             100.0
1502886622591.0             367.0             100.0
1502886622790.0             367.0             100.0
1502886622992.0             365.0             100.0
1502886623193.0             365.0             100.0
1502886623391.0             365.0             100.0
1502886623592.0             364.0             100.0
1502886623792.0             364.0             100.0
1502886623992.0             365.0             100.0
1502886624190.0             365.0             100.0
1502886624390.0             365.0             100.0
1502886624590.0             365.0             100.0
1502886624790.0             365.0             100.0
1502886624991.0             365.0             100.0
1502886625192.0             365.0             100.0
1502886625391.0             365.0             100.0
1502886625590.0             366.0             100.0
1502886625791.0             366.0             100.0
1502886625991.0             367.0             100.0
1502886626191.0             367.0             100.0
1502886626392.0             367.0             100.0
1502886626592.0             366.0             100.0
1502886626792.0             366.0             100.0
1502886626993.0             366.0             100.0
1502886627191.0             366.0             100.0
1502886627391.0             366.0             100.0
1502886627591.0             366.0             100.0
1502886627791.0             366.0             100.0
1502886627992.0             366.0             100.0
1502886628192.0             366.0             100.0
1502886628390.0             366.0             100.0
1502886628592.0             365.0             100.0
1502886628789.0             365.0             100.0
1502886628992.0             365.0             100.0
1502886629192.0             365.0             100.0
1502886629390.0             365.0             100.0
1502886629592.0             365.0             100.0
1502886629792.0             365.0             100.0
1502886629993.0             365.0             100.0
1502886630192.0             365.0             100.0
1502886630391.0             365.0             100.0
1502886630592.0             364.0             100.0
1502886630790.0             364.0             100.0
1502886630990.0             364.0             100.0
1502886631192.0             364.0             100.0
1502886631391.0             364.0             100.0
1502886631592.0             365.0             100.0
1502886631790.0             365.0             100.0
1502886631992.0             366.0             100.0
1502886632190.0             366.0             100.0
1502886632391.0             366.0             100.0
1502886632590.0             366.0             100.0
1502886632791.0             366.0             100.0
1502886632992.0             366.0             100.0
1502886633192.0             366.0             100.0
1502886633392.0             366.0             100.0
1502886633591.0             367.0             100.0
1502886633790.0             367.0             100.0
1502886633990.0             366.0             100.0
1502886634193.0             366.0             100.0
1502886634390.0             366.0             100.0
1502886634591.0             366.0             100.0
1502886634792.0             366.0             100.0
1502886634992.0             365.0             100.0
1502886635193.0             365.0             100.0
1502886635391.0             365.0             100.0
1502886635591.0             364.0             100.0
1502886635790.0             364.0             100.0
1502886635991.0             364.0             100.0
1502886636192.0             364.0             100.0
1502886636392.0             364.0             100.0
1502886636593.0             364.0             100.0
1502886636790.0             364.0             100.0
1502886636991.0             365.0             100.0
1502886637193.0             365.0             100.0
1502886637393.0             365.0             100.0
1502886637592.0             365.0             100.0
1502886637791.0             365.0             100.0
1502886637992.0             366.0             100.0
1502886638192.0             366.0             100.0
1502886638390.0             366.0             100.0
1502886638592.0             365.0             100.0
1502886638792.0             365.0             100.0
1502886638990.0             367.0             100.0
1502886639190.0             367.0             100.0
1502886639391.0             367.0             100.0
1502886639590.0             366.0             100.0
1502886639788.0             366.0             100.0
1502886639992.0             366.0             100.0
1502886640188.0             366.0             100.0
1502886640392.0             366.0             100.0
1502886640591.0             366.0             100.0
1502886640791.0             366.0             100.0
1502886640990.0             366.0             100.0
1502886641192.0             366.0             100.0
1502886641392.0             366.0             100.0
1502886641592.0             365.0             100.0
1502886641790.0             365.0             100.0
1502886641991.0             366.0             100.0
1502886642190.0             366.0             100.0
1502886642392.0             366.0             100.0
1502886642590.0             366.0             100.0
1502886642790.0             366.0             100.0
1502886642991.0             366.0             100.0
1502886643192.0             366.0             100.0
1502886643390.0             366.0             100.0
1502886643593.0             368.0             100.0
1502886643790.0             368.0             100.0
1502886643992.0             368.0             100.0
1502886644191.0             368.0             100.0
1502886644392.0             368.0             100.0
1502886644592.0             367.0             100.0
1502886644790.0             367.0             100.0
1502886644990.0             367.0             100.0
1502886645193.0             367.0             100.0
1502886645392.0             367.0             100.0
1502886645592.0             367.0             100.0
1502886645789.0             367.0             100.0
1502886645992.0             366.0             100.0
1502886646191.0             366.0             100.0
1502886646390.0             366.0             100.0
1502886646593.0             365.0             100.0
1502886646790.0             365.0             100.0
1502886646992.0             365.0             100.0
1502886647193.0             365.0             100.0
1502886647391.0             365.0             100.0
1502886647593.0             365.0             100.0
1502886647789.0             365.0             100.0
1502886647990.0             366.0             100.0
1502886648193.0             366.0             100.0
1502886648391.0             366.0             100.0
1502886648590.0             367.0             100.0
1502886648791.0             367.0             100.0
1502886648991.0             367.0             100.0
1502886649191.0             367.0             100.0
1502886649389.0             367.0             100.0
1502886649593.0             368.0             100.0
1502886649790.0             368.0             100.0
1502886649992.0             367.0             100.0
1502886650191.0             367.0             100.0
1502886650392.0             367.0             100.0
1502886650592.0             367.0             100.0
1502886650790.0             367.0             100.0
1502886650992.0             367.0             100.0
1502886651194.0             367.0             100.0
1502886651393.0             367.0             100.0
1502886651592.0             367.0             100.0
1502886651788.0             367.0             100.0
1502886651991.0             366.0             100.0
1502886652193.0             366.0             100.0
1502886652390.0             366.0             100.0
1502886652591.0             366.0             100.0
1502886652791.0             366.0             100.0
1502886652992.0             367.0             100.0
1502886653193.0             367.0             100.0
1502886653391.0             367.0             100.0
1502886653590.0             367.0             100.0
1502886653793.0             367.0             100.0
1502886653993.0             367.0             100.0
1502886654191.0             367.0             100.0
1502886654391.0             367.0             100.0
1502886654592.0             368.0             100.0
1502886654791.0             368.0             100.0
1502886654991.0             368.0             100.0
1502886655192.0             368.0             100.0
1502886655392.0             368.0             100.0
1502886655591.0             368.0             100.0
1502886655791.0             368.0             100.0
1502886655993.0             368.0             100.0
1502886656192.0             368.0             100.0
1502886656393.0             368.0             100.0
1502886656591.0             368.0             100.0
1502886656792.0             368.0             100.0
1502886656992.0             367.0             100.0
1502886657192.0             367.0             100.0
1502886657391.0             367.0             100.0
1502886657593.0             366.0             100.0
1502886657791.0             366.0             150.0
1502886657992.0             366.0             150.0
1502886658193.0             366.0             150.0
1502886658391.0             366.0             150.0
1502886658592.0             377.0             150.0
1502886658792.0             377.0             150.0
1502886658992.0             411.0             150.0
1502886659190.0             411.0             150.0
1502886659391.0             411.0             150.0
1502886659591.0             439.0             150.0
1502886659790.0             439.0             150.0
1502886659992.0             460.0             150.0
1502886660190.0             460.0             150.0
1502886660392.0             460.0             150.0
1502886660591.0             479.0             150.0
1502886660788.0             479.0             150.0
1502886660991.0             491.0             150.0
1502886661190.0             491.0             150.0
1502886661393.0             491.0             150.0
1502886661591.0             500.0             150.0
1502886661790.0             500.0             150.0
1502886661991.0             508.0             150.0
1502886662192.0             508.0             150.0
1502886662392.0             508.0             150.0
1502886662593.0             513.0             150.0
1502886662791.0             513.0             150.0
1502886662991.0             517.0             150.0
1502886663192.0             517.0             150.0
1502886663391.0             517.0             150.0
1502886663592.0             521.0             150.0
1502886663789.0             521.0             150.0
1502886663990.0             523.0             150.0
1502886664191.0             523.0             150.0
1502886664391.0             523.0             150.0
1502886664590.0             527.0             150.0
1502886664789.0             527.0             150.0
1502886664991.0             529.0             150.0
1502886665192.0             529.0             150.0
1502886665392.0             529.0             150.0
1502886665592.0             531.0             150.0
1502886665789.0             531.0             150.0
1502886665991.0             532.0             150.0
1502886666191.0             532.0             150.0
1502886666390.0             532.0             150.0
1502886666593.0             532.0             150.0
1502886666789.0             532.0             150.0
1502886666990.0             533.0             150.0
1502886667192.0             533.0             150.0
1502886667393.0             533.0             150.0
1502886667593.0             533.0             150.0
1502886667790.0             533.0             150.0
1502886667993.0             533.0             150.0
1502886668192.0             533.0             150.0
1502886668391.0             533.0             150.0
1502886668593.0             533.0             150.0
1502886668789.0             533.0             150.0
1502886668991.0             533.0             150.0
1502886669191.0             533.0             150.0
1502886669389.0             533.0             150.0
1502886669592.0             533.0             150.0
1502886669789.0             533.0             150.0
1502886669991.0             533.0             150.0
1502886670193.0             533.0             150.0
1502886670391.0             533.0             150.0
1502886670591.0             534.0             150.0
1502886670791.0             534.0             150.0
1502886670990.0             535.0             150.0
1502886671191.0             535.0             150.0
1502886671391.0             535.0             150.0
1502886671593.0             536.0             150.0
1502886671789.0             536.0             150.0
1502886671992.0             535.0             150.0
1502886672191.0             535.0             150.0
1502886672389.0             535.0             150.0
1502886672591.0             535.0             150.0
1502886672791.0             535.0             150.0
1502886672992.0             534.0             150.0
1502886673192.0             534.0             150.0
1502886673392.0             534.0             150.0
1502886673591.0             534.0             150.0
1502886673789.0             534.0             150.0
1502886673990.0             534.0             150.0
1502886674190.0             534.0             150.0
1502886674392.0             534.0             150.0
1502886674593.0             533.0             150.0
1502886674791.0             533.0             150.0
1502886674991.0               5.0             150.0
1502886675191.0              33.0             150.0
1502886675391.0              33.0             150.0
1502886675591.0             534.0             150.0
1502886675789.0             534.0             150.0
1502886675990.0             534.0             150.0
1502886676191.0             535.0             150.0
1502886676390.0             535.0             150.0
1502886676592.0             536.0             150.0
1502886676790.0             536.0             150.0
1502886676993.0             536.0             150.0
1502886677191.0             536.0             150.0
1502886677392.0             536.0             150.0
1502886677591.0             536.0             150.0
1502886677791.0             536.0             150.0
1502886677992.0             536.0             150.0
1502886678190.0             535.0             150.0
1502886678392.0             535.0             150.0
1502886678590.0             535.0             150.0
1502886678791.0             535.0             150.0
1502886678992.0             535.0             150.0
1502886679191.0             534.0             150.0
1502886679390.0             534.0             150.0
1502886679592.0             535.0             150.0
1502886679789.0             535.0             150.0
1502886679992.0             535.0             150.0
1502886680192.0             534.0             150.0
1502886680388.0             534.0             150.0
1502886680588.0             534.0             150.0
1502886680790.0             534.0             150.0
1502886680993.0             534.0             150.0
1502886681191.0             535.0             150.0
1502886681391.0             535.0             150.0
1502886681590.0             536.0             150.0
1502886681790.0             536.0             150.0
1502886681992.0             536.0             150.0
1502886682192.0             537.0             150.0
1502886682391.0             537.0             150.0
1502886682591.0             536.0             150.0
1502886682790.0             536.0             150.0
1502886682991.0             536.0             150.0
1502886683190.0             537.0             150.0
1502886683391.0             537.0             150.0
1502886683592.0             536.0             150.0
1502886683790.0             536.0             150.0
1502886683990.0             536.0             150.0
1502886684191.0             537.0             150.0
1502886684392.0             537.0             150.0
1502886684591.0             534.0             150.0
1502886684791.0             534.0             150.0
1502886684993.0             534.0             150.0
1502886685191.0             535.0             150.0
1502886685392.0             535.0             150.0
1502886685592.0             535.0             150.0
1502886685789.0             535.0             150.0
1502886685990.0             535.0             150.0
1502886686190.0             535.0             150.0
1502886686391.0             535.0             150.0
1502886686590.0             536.0             150.0
1502886686790.0             536.0             150.0
1502886686991.0             536.0             150.0
1502886687189.0             536.0             150.0
1502886687391.0             536.0             150.0
1502886687591.0             536.0             150.0
1502886687789.0             536.0             150.0
1502886687990.0             536.0             150.0
1502886688191.0             536.0             150.0
1502886688391.0             536.0             150.0
1502886688590.0             535.0             150.0
1502886688790.0             535.0             150.0
1502886688990.0             535.0             150.0
1502886689191.0             535.0             150.0
1502886689389.0             535.0             150.0
1502886689591.0             536.0             150.0
1502886689788.0             536.0             150.0
1502886689988.0             536.0             150.0
1502886690190.0             534.0             150.0
1502886690390.0             534.0             150.0
1502886690590.0             534.0             150.0
1502886690789.0             534.0             150.0
1502886690989.0             534.0             150.0
1502886691190.0             534.0             150.0
1502886691391.0             534.0             150.0
1502886691590.0             535.0             150.0
1502886691789.0             535.0             150.0
1502886691990.0             535.0             150.0
1502886692191.0             537.0             150.0
1502886692391.0             537.0             150.0
1502886692591.0             536.0             150.0
1502886692790.0             536.0             150.0
1502886692991.0             536.0             150.0
1502886693191.0             537.0             150.0
1502886693390.0             537.0             150.0
1502886693590.0             536.0             150.0
1502886693789.0             536.0             150.0
1502886693991.0             536.0             150.0
1502886694190.0             536.0             150.0
1502886694392.0             536.0             150.0
1502886694590.0             536.0             150.0
1502886694790.0             536.0             150.0
1502886694992.0             536.0             150.0
1502886695191.0             534.0             150.0
1502886695390.0             534.0             150.0
1502886695591.0             534.0             150.0
1502886695789.0             534.0             150.0
1502886695990.0             534.0             150.0
1502886696192.0             535.0             150.0
1502886696392.0             535.0             150.0
1502886696589.0             535.0             150.0
1502886696790.0             535.0             150.0
1502886696991.0             535.0             150.0
1502886697190.0             537.0             150.0
1502886697391.0             537.0             150.0
1502886697590.0             536.0             150.0
1502886697789.0             536.0             150.0
1502886697993.0             536.0             150.0
1502886698192.0             535.0             150.0
1502886698389.0             535.0             150.0
1502886698589.0             536.0             150.0
1502886698789.0             536.0             150.0
1502886698990.0             536.0             150.0
1502886699192.0             535.0             150.0
1502886699391.0             535.0             150.0
1502886699590.0             534.0             150.0
1502886699789.0             534.0             150.0
1502886699990.0             534.0             150.0
1502886700189.0             533.0             150.0
1502886700390.0             533.0             150.0
1502886700593.0             533.0             150.0
1502886700789.0             533.0             150.0
1502886700992.0             533.0             150.0
1502886701190.0             534.0             150.0
1502886701391.0             534.0             150.0
1502886701590.0             535.0             150.0
1502886701789.0             535.0             150.0
1502886701990.0             535.0             150.0
1502886702190.0             536.0             150.0
1502886702390.0             536.0             150.0
1502886702589.0             536.0             150.0
1502886702789.0             536.0             150.0
1502886702991.0             536.0             150.0
1502886703190.0             536.0             150.0
1502886703390.0             536.0             150.0
1502886703592.0             535.0             150.0
1502886703790.0             535.0             150.0
1502886703989.0             535.0             150.0
1502886704190.0             536.0             150.0
1502886704393.0             536.0             150.0
1502886704591.0             534.0             150.0
1502886704791.0             534.0             150.0
1502886704991.0             534.0             150.0
1502886705189.0             534.0             150.0
1502886705389.0             534.0             150.0
1502886705591.0             535.0             150.0
1502886705790.0             535.0             150.0
1502886705994.0             535.0             150.0
1502886706190.0             536.0             150.0
1502886706390.0             536.0             150.0
1502886706589.0             536.0             150.0
1502886706789.0             536.0             150.0
1502886706993.0             536.0             150.0
1502886707191.0             537.0             150.0
1502886707391.0             537.0             150.0
1502886707594.0             536.0             150.0
