1502886781885.0             536.0              65.0
1502886781889.0             536.0              65.0
1502886782082.0             536.0              65.0
1502886782284.0             534.0              65.0
1502886782483.0             534.0              65.0
1502886782684.0             523.0              65.0
1502886782886.0             523.0              65.0
1502886783084.0             523.0              65.0
1502886783288.0             483.0              65.0
1502886783483.0             483.0              65.0
1502886783684.0             439.0              65.0
1502886783884.0             439.0              65.0
1502886784083.0             439.0              65.0
1502886784282.0             404.0              65.0
1502886784484.0             404.0              65.0
1502886784685.0             376.0              65.0
1502886784885.0             376.0              65.0
1502886785084.0             376.0              65.0
1502886785285.0             353.0              65.0
1502886785484.0             353.0              65.0
1502886785687.0             334.0              65.0
1502886785884.0             334.0              65.0
1502886786083.0             334.0              65.0
1502886786282.0             320.0              65.0
1502886786485.0             320.0              65.0
1502886786684.0             308.0              65.0
1502886786884.0             308.0              65.0
1502886787089.0             308.0              65.0
1502886787285.0             300.0              65.0
1502886787485.0             300.0              65.0
1502886787683.0             293.0              65.0
1502886787884.0             293.0              65.0
1502886788084.0             293.0              65.0
1502886788285.0             288.0              65.0
1502886788485.0             288.0              65.0
1502886788685.0             285.0              65.0
1502886788884.0             285.0              65.0
1502886789085.0             285.0              65.0
1502886789285.0             282.0              65.0
1502886789484.0             282.0              65.0
1502886789688.0             280.0              65.0
1502886789885.0             280.0              65.0
1502886790085.0             280.0              65.0
1502886790288.0             277.0              65.0
1502886790484.0             277.0              65.0
1502886790683.0             275.0              65.0
1502886790884.0             275.0              65.0
1502886791086.0             275.0              65.0
1502886791283.0             273.0              65.0
1502886791483.0             273.0              65.0
1502886791683.0             271.0              65.0
1502886791884.0             271.0              65.0
1502886792084.0             271.0              65.0
1502886792282.0             270.0              65.0
1502886792485.0             270.0              65.0
1502886792686.0             270.0              65.0
1502886792890.0             270.0              65.0
1502886793089.0             270.0              65.0
1502886793289.0             271.0              65.0
1502886793492.0             271.0              65.0
1502886793684.0             270.0              65.0
1502886793889.0             270.0              65.0
1502886794089.0             270.0              65.0
1502886794287.0             268.0              65.0
1502886794484.0             268.0              65.0
1502886794689.0             268.0              65.0
1502886794893.0             268.0              65.0
1502886795086.0             268.0              65.0
1502886795287.0             267.0              65.0
1502886795485.0             267.0              65.0
1502886795691.0             265.0              65.0
1502886795888.0             265.0              65.0
1502886796092.0             265.0              65.0
1502886796288.0             266.0              65.0
1502886796487.0             266.0              65.0
1502886796683.0             265.0              65.0
1502886796883.0             265.0              65.0
1502886797083.0             265.0              65.0
1502886797285.0             265.0              65.0
1502886797482.0             265.0              65.0
1502886797684.0             265.0              65.0
1502886797893.0             265.0              65.0
1502886798084.0             265.0              65.0
1502886798293.0             265.0              65.0
1502886798484.0             265.0              65.0
1502886798685.0              26.0              65.0
1502886798884.0               5.0              65.0
1502886799084.0               5.0              65.0
1502886799294.0             264.0              65.0
1502886799495.0             264.0              65.0
1502886799684.0             264.0              65.0
1502886799885.0             264.0              65.0
1502886800093.0             264.0              65.0
1502886800290.0             264.0              65.0
1502886800488.0             264.0              65.0
1502886800690.0             264.0              65.0
1502886800893.0             264.0              65.0
1502886801089.0             264.0              65.0
1502886801292.0             264.0              65.0
1502886801487.0             264.0              65.0
1502886801693.0             264.0              65.0
1502886801884.0             265.0              65.0
1502886802084.0             265.0              65.0
1502886802286.0             265.0              65.0
1502886802488.0             265.0              65.0
1502886802693.0             265.0              65.0
1502886802887.0             265.0              65.0
1502886803084.0             265.0              65.0
1502886803296.0             265.0              65.0
1502886803485.0             265.0              65.0
1502886803685.0             265.0              65.0
1502886803885.0             264.0              65.0
1502886804086.0             264.0              65.0
1502886804293.0             264.0              65.0
1502886804486.0             264.0              65.0
1502886804687.0             264.0              65.0
1502886804889.0             263.0              65.0
1502886805086.0             263.0              65.0
1502886805287.0             263.0              65.0
1502886805489.0             263.0              65.0
1502886805687.0             263.0              65.0
1502886805887.0             264.0              65.0
1502886806091.0             264.0              65.0
1502886806295.0             265.0              65.0
1502886806486.0             265.0              65.0
1502886806686.0             265.0              65.0
1502886806885.0             266.0              65.0
1502886807086.0             266.0              65.0
1502886807283.0             265.0              65.0
1502886807490.0             265.0              65.0
1502886807686.0             265.0              65.0
1502886807887.0             264.0              65.0
1502886808087.0             264.0              65.0
1502886808287.0             264.0              65.0
1502886808487.0             264.0              65.0
1502886808694.0             264.0              65.0
1502886808887.0             264.0              65.0
1502886809087.0             264.0              65.0
1502886809288.0             264.0              65.0
1502886809486.0             264.0              65.0
1502886809692.0             264.0              65.0
1502886809885.0             265.0              65.0
1502886810092.0             265.0              65.0
1502886810291.0             265.0              65.0
1502886810493.0             265.0              65.0
1502886810689.0             265.0              65.0
1502886810896.0             266.0              65.0
1502886811089.0             266.0              65.0
1502886811293.0             266.0              65.0
1502886811487.0             266.0              65.0
1502886811688.0             266.0              65.0
1502886811895.0             266.0              65.0
1502886812094.0             266.0              65.0
1502886812286.0             265.0              65.0
1502886812490.0             265.0              65.0
1502886812689.0             265.0              65.0
1502886812885.0             264.0              65.0
1502886813085.0             264.0              65.0
1502886813286.0             264.0              65.0
1502886813488.0             264.0              65.0
1502886813685.0             264.0              65.0
1502886813887.0             264.0              65.0
1502886814089.0             264.0              65.0
1502886814284.0             266.0              65.0
1502886814485.0             266.0              65.0
1502886814689.0             266.0              65.0
1502886814886.0             266.0              65.0
1502886815090.0             266.0              65.0
1502886815284.0             266.0              65.0
1502886815484.0             266.0              65.0
1502886815685.0             266.0              65.0
1502886815885.0             265.0              65.0
1502886816085.0             265.0              65.0
1502886816288.0             265.0              65.0
1502886816485.0             265.0              65.0
1502886816692.0             265.0              65.0
1502886816885.0             266.0              65.0
1502886817085.0             266.0              65.0
1502886817285.0             266.0              65.0
1502886817485.0             266.0              65.0
1502886817685.0             266.0              65.0
1502886817885.0             265.0              65.0
1502886818086.0             265.0              65.0
1502886818285.0             265.0              65.0
1502886818484.0             265.0              65.0
1502886818685.0             265.0              65.0
1502886818884.0             266.0              65.0
1502886819087.0             266.0              65.0
1502886819286.0             267.0              65.0
1502886819485.0             267.0              65.0
1502886819684.0             267.0              65.0
1502886819885.0             266.0              65.0
1502886820085.0             266.0              65.0
1502886820285.0             266.0              65.0
1502886820485.0             266.0              65.0
1502886820684.0             266.0              65.0
1502886820885.0             266.0              65.0
1502886821083.0             266.0              65.0
1502886821283.0             265.0              65.0
1502886821484.0             265.0              65.0
1502886821684.0             265.0              65.0
1502886821884.0             265.0              65.0
1502886822083.0             265.0              65.0
1502886822287.0             265.0              65.0
1502886822485.0             265.0              65.0
1502886822686.0             265.0              65.0
1502886822885.0             264.0              65.0
1502886823085.0             264.0              65.0
1502886823288.0             265.0              65.0
1502886823484.0             265.0              65.0
1502886823686.0             265.0              65.0
1502886823884.0             266.0              65.0
1502886824086.0             266.0              65.0
1502886824283.0             267.0              65.0
1502886824487.0             267.0              65.0
1502886824684.0             267.0              65.0
1502886824885.0             266.0              65.0
1502886825085.0             266.0              65.0
1502886825284.0             266.0              65.0
1502886825485.0             266.0              65.0
1502886825685.0             266.0              65.0
1502886825884.0             266.0              65.0
1502886826085.0             266.0              65.0
1502886826286.0             266.0              65.0
1502886826486.0             266.0              65.0
1502886826687.0             266.0              65.0
1502886826885.0             265.0              65.0
1502886827085.0             265.0              65.0
1502886827287.0             265.0              65.0
1502886827486.0             265.0              65.0
1502886827684.0             265.0              65.0
1502886827886.0             265.0              65.0
1502886828085.0             265.0              65.0
1502886828286.0             266.0              65.0
1502886828486.0             266.0              65.0
1502886828685.0             266.0              65.0
1502886828886.0             266.0              65.0
1502886829086.0             266.0              65.0
1502886829286.0             266.0              65.0
1502886829485.0             266.0              65.0
1502886829685.0             266.0              65.0
1502886829885.0             266.0              65.0
1502886830085.0             266.0              65.0
1502886830283.0             266.0              65.0
1502886830484.0             266.0              65.0
1502886830685.0             266.0              65.0
1502886830885.0             265.0              65.0
1502886831086.0             265.0              65.0
1502886831283.0             265.0              65.0
1502886831483.0             265.0              65.0
1502886831686.0             265.0             200.0
1502886831884.0             264.0             200.0
1502886832088.0             264.0             200.0
1502886832283.0             278.0             200.0
1502886832484.0             278.0             200.0
1502886832684.0             278.0             200.0
1502886832885.0             334.0             200.0
1502886833086.0             334.0             200.0
1502886833286.0             443.0             200.0
1502886833485.0             443.0             200.0
1502886833685.0             443.0             200.0
1502886833885.0             551.0             200.0
1502886834086.0             551.0             200.0
1502886834284.0             636.0             200.0
1502886834485.0             636.0             200.0
1502886834685.0             636.0             200.0
1502886834885.0             702.0             200.0
1502886835086.0             702.0             200.0
1502886835290.0             752.0             200.0
1502886835484.0             752.0             200.0
1502886835684.0             752.0             200.0
1502886835886.0             791.0             200.0
1502886836086.0             791.0             200.0
1502886836287.0             820.0             200.0
1502886836487.0             820.0             200.0
1502886836684.0             820.0             200.0
1502886836884.0             844.0             200.0
1502886837086.0             844.0             200.0
1502886837288.0             861.0             200.0
1502886837487.0             861.0             200.0
1502886837685.0             861.0             200.0
1502886837886.0             875.0             200.0
1502886838086.0             875.0             200.0
1502886838288.0             888.0             200.0
1502886838486.0             888.0             200.0
1502886838685.0             888.0             200.0
1502886838885.0             896.0             200.0
1502886839085.0             896.0             200.0
1502886839291.0             902.0             200.0
1502886839486.0             902.0             200.0
1502886839685.0             902.0             200.0
1502886839887.0             907.0             200.0
1502886840087.0             907.0             200.0
1502886840289.0             912.0             200.0
1502886840483.0             912.0             200.0
1502886840686.0             912.0             200.0
1502886840887.0             915.0             200.0
1502886841087.0             915.0             200.0
1502886841286.0             915.0             200.0
1502886841486.0             915.0             200.0
1502886841685.0             915.0             200.0
1502886841886.0             917.0             200.0
1502886842084.0             917.0             200.0
1502886842288.0             919.0             200.0
1502886842487.0             919.0             200.0
1502886842685.0             919.0             200.0
1502886842885.0             922.0             200.0
1502886843082.0             922.0             200.0
1502886843286.0             923.0             200.0
1502886843487.0             923.0             200.0
1502886843685.0             923.0             200.0
1502886843885.0             922.0             200.0
1502886844083.0             922.0             200.0
1502886844286.0             923.0             200.0
1502886844486.0             923.0             200.0
1502886844685.0             923.0             200.0
1502886844886.0             923.0             200.0
1502886845087.0             923.0             200.0
1502886845286.0             924.0             200.0
1502886845487.0             924.0             200.0
1502886845683.0             924.0             200.0
1502886845886.0             922.0             200.0
1502886846085.0             922.0             200.0
1502886846289.0             920.0             200.0
1502886846487.0             920.0             200.0
1502886846686.0             920.0             200.0
1502886846884.0             922.0             200.0
1502886847086.0             922.0             200.0
1502886847286.0             923.0             200.0
1502886847486.0             923.0             200.0
1502886847685.0             923.0             200.0
1502886847887.0             924.0             200.0
1502886848086.0             924.0             200.0
1502886848287.0             924.0             200.0
1502886848484.0             924.0             200.0
1502886848685.0             924.0             200.0
1502886848884.0             924.0             200.0
1502886849084.0             924.0             200.0
1502886849283.0             923.0             200.0
1502886849484.0             923.0             200.0
1502886849687.0             923.0             200.0
1502886849885.0             923.0             200.0
1502886850087.0             923.0             200.0
1502886850289.0             922.0             200.0
1502886850486.0             922.0             200.0
1502886850687.0             922.0             200.0
1502886850887.0             923.0             200.0
1502886851086.0             923.0             200.0
1502886851284.0             923.0             200.0
1502886851485.0             923.0             200.0
1502886851684.0             923.0             200.0
1502886851887.0             925.0             200.0
1502886852088.0             925.0             200.0
1502886852285.0             924.0             200.0
1502886852484.0             924.0             200.0
1502886852685.0             924.0             200.0
1502886852886.0             925.0             200.0
1502886853090.0             925.0             200.0
1502886853284.0             925.0             200.0
1502886853485.0             925.0             200.0
1502886853686.0             925.0             200.0
1502886853886.0             926.0             200.0
1502886854088.0             926.0             200.0
1502886854284.0             925.0             200.0
1502886854483.0             925.0             200.0
1502886854686.0             925.0             200.0
1502886854886.0             923.0             200.0
1502886855085.0             923.0             200.0
1502886855283.0             923.0             200.0
1502886855483.0             923.0             200.0
1502886855686.0             923.0             200.0
1502886855886.0             923.0             200.0
1502886856085.0             923.0             200.0
1502886856284.0             925.0             200.0
1502886856486.0             925.0             200.0
1502886856685.0             925.0             200.0
1502886856885.0             926.0             200.0
1502886857084.0             926.0             200.0
1502886857283.0             926.0             200.0
1502886857483.0             926.0             200.0
1502886857683.0             926.0             200.0
1502886857884.0             926.0             200.0
1502886858084.0             926.0             200.0
1502886858283.0             925.0             200.0
1502886858485.0             925.0             200.0
1502886858685.0             925.0             200.0
1502886858883.0             925.0             200.0
1502886859084.0             925.0             200.0
1502886859285.0             923.0             200.0
1502886859486.0             923.0             200.0
1502886859682.0             923.0             200.0
1502886859886.0             922.0             200.0
1502886860083.0             922.0             200.0
1502886860286.0             922.0             200.0
1502886860487.0             922.0             200.0
1502886860685.0             922.0             200.0
1502886860883.0             924.0             200.0
1502886861088.0             924.0             200.0
1502886861287.0             926.0             200.0
1502886861485.0             926.0             200.0
1502886861686.0             926.0             200.0
1502886861886.0             926.0             200.0
1502886862084.0             926.0             200.0
1502886862283.0             926.0             200.0
1502886862485.0             926.0             200.0
1502886862687.0             926.0             200.0
1502886862887.0             925.0             200.0
1502886863083.0             925.0             200.0
1502886863284.0               9.0             200.0
1502886863487.0              25.0             200.0
1502886863685.0              25.0             200.0
1502886863886.0             925.0             200.0
1502886864084.0             925.0             200.0
1502886864284.0             925.0             200.0
1502886864486.0             924.0             200.0
1502886864685.0             924.0             200.0
1502886864884.0             924.0             200.0
1502886865082.0             924.0             200.0
1502886865286.0             924.0             200.0
1502886865483.0             923.0             200.0
1502886865686.0             923.0             200.0
1502886865886.0             923.0             200.0
1502886866084.0             923.0             200.0
1502886866284.0             923.0             200.0
1502886866487.0             925.0             200.0
1502886866686.0             925.0             200.0
1502886866885.0             925.0             200.0
1502886867086.0             925.0             200.0
1502886867285.0             925.0             200.0
1502886867484.0             926.0             200.0
1502886867684.0             926.0             200.0
1502886867883.0             925.0             200.0
1502886868085.0             925.0             200.0
1502886868284.0             925.0             200.0
1502886868486.0             924.0             200.0
1502886868684.0             924.0             200.0
1502886868885.0             923.0             200.0
1502886869086.0             923.0             200.0
1502886869285.0             923.0             200.0
1502886869485.0             922.0             200.0
1502886869687.0             922.0             200.0
1502886869884.0             922.0             200.0
1502886870084.0             922.0             200.0
1502886870285.0             922.0             200.0
1502886870486.0             924.0             200.0
1502886870685.0             924.0             200.0
1502886870886.0             925.0             200.0
1502886871086.0             925.0             200.0
1502886871285.0             925.0             200.0
1502886871485.0             927.0             200.0
1502886871687.0             927.0             200.0
1502886871884.0             926.0             200.0
1502886872087.0             926.0             200.0
1502886872285.0             926.0             200.0
1502886872485.0             927.0             200.0
1502886872686.0             927.0             200.0
1502886872886.0             926.0             200.0
1502886873085.0             926.0             200.0
1502886873286.0             926.0             200.0
1502886873483.0             927.0             200.0
1502886873685.0             927.0             200.0
1502886873883.0             924.0             200.0
1502886874088.0             924.0             200.0
1502886874286.0             924.0             200.0
1502886874486.0             923.0             200.0
1502886874686.0             923.0             200.0
1502886874885.0             922.0             200.0
1502886875086.0             922.0             200.0
1502886875284.0             922.0             200.0
1502886875483.0             924.0             200.0
1502886875685.0             924.0             200.0
1502886875886.0             924.0             200.0
1502886876086.0             924.0             200.0
1502886876284.0             924.0             200.0
1502886876486.0             925.0             200.0
1502886876685.0             925.0             200.0
1502886876883.0             925.0             200.0
1502886877084.0             925.0             200.0
1502886877284.0             925.0             200.0
1502886877487.0             924.0             200.0
1502886877686.0             924.0             200.0
1502886877886.0             923.0             200.0
1502886878084.0             923.0             200.0
1502886878282.0             923.0             200.0
1502886878485.0             923.0             200.0
1502886878687.0             923.0             200.0
1502886878883.0             923.0             200.0
1502886879086.0             923.0             200.0
1502886879285.0             923.0             200.0
1502886879486.0             921.0             200.0
1502886879685.0             921.0             200.0
1502886879885.0             921.0             200.0
1502886880086.0             921.0             200.0
1502886880284.0             921.0             200.0
1502886880483.0             922.0             200.0
1502886880686.0             922.0             200.0
1502886880884.0             923.0             200.0
1502886881086.0             923.0             200.0
1502886881284.0             923.0             200.0
1502886881486.0             924.0             200.0
